0.0746525
0.165799
0.319645
0.640656
0.738887
0.756296
0.996734
1.23275
1.30146
1.42681
1.56181
1.61734
1.69479
1.77179
2.08818
2.09133
2.09206
2.13805
2.30436
2.42425
2.42441
2.49352
2.64878
2.78544
2.90066
2.93035
2.95086
3.11253
3.15412
3.31018
3.41901
3.45706
3.82249
3.99997
4.05676
4.11346
4.29875
4.44377
4.53016
4.60761
4.62918
4.69304
4.81113
4.94472
5.28872
5.4396
5.45431
5.50768
5.77213
5.92126
6.03775
6.25123
6.40807
6.41848
6.51742
6.547
6.62559
6.74477
7.19046
7.23017
7.33555
7.41888
7.49061
7.77189
7.98189
8.19952
8.39052
8.40752
8.51114
8.52175
8.62357
9.0045
9.03737
9.0551
9.08337
9.1572
9.2331
9.26738
9.26784
9.51915
9.65329
9.9083
9.91695
9.93471
9.95369
10.0357
10.0663
10.1104
10.1601
10.4244
10.4991
10.512
10.5197
10.7281
10.7484
10.7501
10.8497
10.8593
10.8935
10.9199
11.0211
11.2171
11.2343
11.2577
11.3722
11.4605
11.4764
11.5307
11.5596
11.6306
11.7065
11.749
11.7763
11.7891
11.8449
11.8684
11.9568
12.1897
12.2141
12.4298
12.5874
12.7573
12.8744
12.934
12.9478
13.3285
13.3651
13.53
13.5343
13.6339
13.7016
13.7722
13.8985
14.0187
14.0888
14.14
14.1982
14.3959
14.5006
14.5307
14.5429
14.5597
14.6036
14.7219
14.7763
14.7935
14.839
14.8968
14.9658
15.4692
15.6938
15.7165
15.7564
15.7855
15.8938
15.916
15.9978
16.0004
16.2107
16.4185
16.7504
16.7796
17.08
17.086
17.3432
17.3797
17.5398
17.7362
17.7564
17.9412
18.0287
18.2038
18.2467
18.3085
18.4669
18.7228
18.7234
18.8656
18.8662
19.0868
19.1293
19.2839
19.3861
19.3954
19.5201
19.6374
19.6574
19.7113
19.7862
19.8516
19.9143
19.9496
19.9529
19.9553
20.0631
20.4698
20.567
20.6698
20.6762
20.6872
20.882
21.0479
21.0706
21.2245
21.4705
21.6421
21.7244
21.8013
21.8175
21.84
22.0073
22.1602
22.3153
22.6344
22.6479
22.773
22.836
22.9715
23.0634
23.1424
23.2522
23.3566
23.459
23.5681
23.8416
23.974
24.0296
24.0866
24.0941
24.1943
24.2292
24.2389
24.3579
24.3722
24.561
24.5709
24.659
24.7273
24.8107
25.2436
25.4543
25.4883
25.542
25.7722
26.0324
26.2744
26.5181
26.7002
26.7047
26.9297
27.0256
27.1112
27.5122
27.5228
27.7226
27.8447
27.9423
28.0825
28.1918
28.2011
28.5564
28.5583
28.5923
28.6082
28.6516
28.6671
28.8346
28.9611
29.0366
29.1248
29.2671
29.3441
29.4911
29.7018
29.7259
29.8836
30.1079
30.1773
30.1813
30.3475
30.4168
30.506
30.5729
30.6299
30.7824
30.9692
31.3129
31.4525
31.5361
31.7934
32.2952
32.4222
32.7289
32.7317
33.0073
33.0174
33.082
33.0946
33.1491
33.1683
33.2056
33.219
33.5232
34.25
34.2626
34.4275
34.7156
34.7262
34.7789
34.8138
35.3032
35.3117
35.3162
35.3248
35.4725
35.5905
35.6231
35.8245
36.4997
36.6429
36.6441
36.7131
36.8495
36.8717
36.8909
37.0299
37.1308
37.4069
37.4914
37.5438
37.5498
37.6674
37.6753
37.7183
37.7379
37.74
37.7827
37.8951
37.9623
38.0224
38.1078
38.3139
38.3739
38.524
38.5755
38.5939
38.7294
38.7472
39.0003
39.3307
39.3385
39.4992
39.5246
39.9273
39.9987
40.0335
40.0888
40.1065
40.1684
40.2123
40.4273
40.4721
40.5285
40.5811
40.6908
40.7676
40.8465
40.8868
40.896
41.0131
41.2597
41.597
41.8562
41.8753
42.2649
42.4487
42.5604
42.5937
42.7412
42.9776
43.0291
43.127
43.1811
43.3049
43.356
43.4187
43.5269
43.572
43.7215
43.7397
43.7929
43.8038
43.9619
44.0023
44.0367
44.0393
44.2573
44.3285
44.4608
44.5363
44.5973
44.6567
44.7209
44.8194
45.0119
45.1688
45.1956
45.2945
45.3032
45.3744
45.3987
45.5553
45.5911
45.6385
45.687
45.7731
45.8313
45.8949
46.0752
46.1097
46.1186
46.159
46.3068
46.3189
46.3347
46.4134
46.5996
46.6598
46.6706
46.7037
47.1173
47.1969
47.2324
47.2472
47.2966
47.3444
47.4577
47.556
47.5694
47.5989
47.6895
47.7246
47.8556
47.9681
47.9783
48.2563
48.2668
48.3308
48.3407
48.7859
48.8557
48.8945
48.9376
49.1755
49.1764
49.2634
49.7686
49.9969
50.2469
50.2511
50.2524
50.3882
50.3892
50.4042
50.419
50.4953
50.6661
50.6801
50.7379
51.0119
51.1785
51.2872
51.417
51.4191
51.6202
52.0011
52.1795
52.2864
52.3539
52.5092
52.6922
53.0876
53.0965
53.1447
53.1933
53.3582
53.4582
53.5653
53.5726
53.7031
53.7678
53.8667
53.9157
53.9695
54.0012
54.026
54.4118
54.435
54.4598
54.7316
54.7317
54.9832
55.1059
55.2151
55.2698
55.2961
55.9961
56.0594
56.0704
56.156
56.2343
56.2656
56.8798
56.926
56.9353
56.9533
57.0548
57.0777
57.2633
57.3053
57.4821
57.5244
57.674
57.8031
57.8105
57.8116
57.9223
57.9337
57.9441
58.0035
58.041
58.0996
58.3739
58.4853
58.6076
58.6318
58.8307
58.854
58.8732
59.1092
59.1201
59.1225
59.1278
59.2314
59.3363
59.3495
59.8202
59.8416
59.8528
60.1875
60.5339
60.6838
60.719
60.8527
60.8531
61.062
61.0656
61.0813
61.2819
61.287
61.376
61.4142
61.428
61.5272
61.5454
61.6222
61.6406
61.7467
62.1335
62.1799
62.2635
62.4875
62.9926
63.0615
63.076
63.1674
63.2049
63.2923
63.389
63.492
63.5569
63.5763
63.5879
63.6392
63.7145
63.8682
64.347
64.4211
64.507
64.6034
64.6448
64.7256
64.8112
65.1598
65.3664
65.4191
65.4247
65.4812
65.5741
65.6124
65.7063
65.7748
65.838
65.9351
65.9838
65.9856
66.1527
66.191
66.2426
66.3034
66.6758
66.6921
66.7469
66.801
66.9522
67.0867
67.2579
67.5172
67.5541
67.7297
67.7845
67.8224
67.8643
68.1096
68.1325
68.5494
68.5741
68.6178
68.6192
68.661
68.6654
68.6985
68.7147
68.7189
68.8431
68.8659
68.985
68.9875
69.1255
69.1294
69.1432
69.3009
69.3525
69.3965
69.4761
69.6164
69.7192
70.0168
70.161
70.3241
70.3729
70.4448
70.4774
70.5104
70.518
70.6062
70.7177
70.7756
70.9257
71.1987
71.339
71.3494
71.4429
71.7391
71.8181
71.8725
71.9865
72.0385
72.4911
72.5452
72.7445
73.0436
73.0865
73.2258
73.2746
73.2906
73.3069
73.3788
73.6055
73.8607
73.8924
74.0126
74.1002
74.2139
74.2616
74.3416
74.3784
74.399
74.4484
74.5267
74.5879
74.5982
74.6058
74.8273
75.0486
75.3068
75.329
75.5546
75.574
75.6524
75.6926
75.9562
76.1816
76.2228
76.3567
76.4122
76.4395
76.4669
76.5142
76.5249
76.5389
76.7413
76.787
76.9591
76.9991
77.0198
77.1318
77.2818
77.2845
77.2998
77.3163
77.5242
77.5387
77.6722
77.7821
77.8713
77.8848
77.9262
77.9439
78.1234
78.129
78.183
78.2486
78.3989
78.5507
78.7745
78.8398
78.8489
78.9652
79.0466
79.2386
79.2559
79.4142
79.4254
79.5778
79.6005
79.7597
79.7698
79.9451
80.0302
80.0944
80.3814
80.4706
80.5271
80.5452
80.7804
80.8333
81.308
81.3105
81.3756
81.387
81.6055
81.8941
81.9255
82.2427
82.3236
82.5906
82.5981
82.6226
82.8035
83.0849
83.4096
83.4576
83.9667
84.0341
84.1617
84.1956
84.6149
84.6495
84.8074
84.9954
85.0222
85.0988
85.2483
85.2743
85.6219
85.6363
85.6792
85.8279
86.0455
86.0654
86.1643
86.3132
86.3756
86.4986
86.7171
86.866
86.9759
87.0792
87.091
87.0971
87.1018
87.139
87.3039
87.455
87.6719
87.8599
87.8629
87.8985
87.9354
88.0258
88.1319
88.1704
88.2057
88.3438
88.4344
88.629
88.6539
88.7601
89.0557
89.0784
89.1443
89.2538
89.2723
89.3284
89.3778
89.4204
89.4549
89.4648
89.6451
90.0446
90.2362
90.2364
90.367
90.5257
90.7191
90.7426
90.8384
91.1212
91.187
91.2085
91.2188
91.5037
91.6542
91.707
92.0414
92.2985
92.3239
92.3553
92.3938
92.6805
92.7112
92.7795
92.8974
92.9818
92.9829
93.0324
93.3072
93.313
93.4169
93.5544
93.8022
94.066
94.0778
94.1614
94.318
94.5218
94.8067
94.954
95.054
95.305
95.427
95.4273
95.458
95.6557
95.7921
95.8598
95.9401
95.9833
96.0554
96.15
96.2372
96.2817
96.4322
96.4669
96.5933
96.6238
96.6299
96.8398
96.8679
96.8729
96.944
97.0923
97.0946
97.3128
97.8781
97.9147
98.0111
98.0331
98.1044
98.2664
98.4019
98.4605
98.8484
98.8999
98.9262
98.9294
99.0764
99.1163
99.13
99.2813
99.5483
99.553
99.5551
99.5642
100.081
100.088
100.251
100.259
100.332
100.447
100.709
100.739
100.804
100.809
100.901
100.915
101.32
101.398
101.401
101.454
101.516
101.522
101.635
101.677
101.708
101.892
101.97
102.05
102.275
102.325
102.375
102.412
102.44
102.521
102.895
102.919
102.939
103.027
103.123
103.409
103.501
103.518
103.581
103.644
103.74
103.895
103.971
104.139
104.344
104.528
104.622
104.749
104.913
104.981
105.184
105.241
105.382
105.569
105.693
105.722
105.738
105.849
105.946
106.08
106.38
106.443
106.488
106.753
106.963
106.975
107.058
107.117
107.331
107.444
107.532
107.543
107.548
107.599
107.605
107.814
107.903
107.938
108.005
108.017
108.184
108.412
108.801
108.809
108.812
108.947
109.026
109.029
109.113
109.32
109.363
109.382
109.479
109.546
109.577
109.605
109.674
109.687
109.938
110.108
110.117
110.177
110.446
110.503
110.521
110.824
111.009
111.16
111.311
111.312
111.528
111.7
111.869
111.922
111.964
112.117
112.323
112.433
112.716
112.738
112.772
113.026
113.283
113.299
113.364
113.431
113.448
113.5
113.507
113.517
113.607
113.819
113.896
113.908
114.063
114.267
114.403
114.451
114.525
114.741
114.789
114.86
114.91
114.924
115.008
115.028
115.09
115.127
115.268
115.284
115.369
115.41
115.424
115.457
115.468
115.469
115.612
115.715
115.832
115.918
116.009
116.188
116.376
116.466
116.618
116.63
116.761
116.791
116.862
116.864
116.886
116.959
116.994
117.001
117.015
117.094
117.268
117.286
117.619
117.768
117.779
117.836
118.045
118.424
118.435
118.616
118.672
118.689
118.712
118.86
118.897
118.944
119.05
119.171
119.23
119.248
119.371
119.408
119.777
119.785
119.925
119.939
120.048
120.182
120.19
120.215
120.552
120.554
120.602
120.7
121.113
121.392
121.49
121.672
121.699
121.71
121.763
121.955
121.963
122.054
122.068
122.079
122.392
122.557
122.585
122.586
122.733
122.862
122.867
122.995
123.108
123.114
123.146
123.596
123.9
124.089
124.192
124.26
124.277
124.357
124.448
124.487
124.54
124.665
124.8
124.865
125.004
125.013
125.087
125.307
125.31
125.531
125.665
125.723
125.846
125.966
126.031
126.111
126.148
126.218
126.322
126.756
126.782
126.892
126.932
126.987
127.003
127.094
127.718
127.747
127.785
127.885
128.002
128.104
128.13
128.195
128.206
128.315
128.506
128.534
128.543
128.568
128.784
128.886
128.943
129.031
129.047
129.123
129.163
129.241
129.349
129.656
129.674
129.824
129.858
130.03
130.054
130.068
130.121
130.131
130.133
130.237
130.238
130.273
130.31
130.322
130.519
130.581
130.908
131.089
131.089
131.104
131.157
131.226
131.332
131.461
131.629
131.803
131.838
131.88
132.03
132.131
132.151
132.315
132.392
132.602
132.605
132.707
132.779
132.853
132.869
132.881
133.013
133.126
133.236
133.387
133.585
133.612
133.752
133.817
133.82
133.885
133.964
134.058
134.561
134.64
134.742
134.969
135.098
135.146
135.326
135.428
135.598
135.707
135.956
136.112
136.133
136.183
136.521
136.565
136.575
136.643
136.938
136.993
137.017
137.135
137.177
137.243
137.294
137.349
137.424
137.645
137.74
137.83
137.978
138.233
138.434
138.502
138.746
138.927
139.107
139.34
139.4
139.41
139.493
139.503
139.56
139.733
139.784
139.908
139.935
140.007
140.01
140.036
140.094
140.103
140.202
140.251
140.365
140.407
140.54
140.584
140.812
140.893
140.907
141.174
141.177
141.264
141.284
141.3
141.509
141.553
141.678
141.713
141.744
141.787
141.828
141.942
141.95
141.987
142.064
142.076
142.278
142.326
142.344
142.421
142.428
142.458
142.469
142.471
142.532
142.548
142.627
142.633
142.888
142.889
143.35
143.356
143.454
143.55
143.575
143.691
143.726
143.954
143.964
143.975
144.028
144.256
144.297
144.335
144.365
144.413
144.415
144.681
144.957
145.01
145.116
145.272
145.325
145.607
145.621
145.893
146.205
146.517
146.601
146.612
146.66
146.715
146.761
146.767
146.834
146.948
147.002
147.161
147.197
147.376
147.475
147.653
147.687
147.754
147.98
147.985
148.154
148.417
148.478
148.491
148.617
148.659
148.663
148.704
148.793
148.831
148.957
148.976
148.992
149.002
149.044
149.076
149.408
149.421
149.483
149.499
149.567
149.777
149.813
149.942
149.943
150.459
150.608
150.611
150.612
150.924
151.212
151.245
151.292
151.393
151.467
151.56
151.659
151.709
151.747
151.762
151.771
151.901
152.214
152.218
152.305
152.335
152.473
152.476
152.736
152.826
152.887
152.894
152.956
153.022
153.064
153.113
153.18
153.231
153.417
153.522
153.663
153.677
153.711
153.749
153.776
153.858
153.869
153.907
153.945
153.946
153.99
154.14
154.144
154.466
154.471
154.738
154.857
154.868
154.967
154.977
155.269
155.809
155.833
155.926
156.045
156.049
156.315
156.466
156.541
156.584
156.742
156.891
157.031
157.051
157.091
157.103
157.103
157.115
157.176
157.301
157.329
157.337
157.359
157.587
158.007
158.15
158.298
158.469
158.505
158.515
158.856
158.937
158.96
159.075
159.133
159.378
159.639
159.755
159.834
159.842
159.887
159.931
159.945
160.098
160.341
160.419
161.006
161.026
161.04
161.044
161.11
161.122
161.146
161.147
161.334
161.387
161.761
161.897
161.981
162.227
162.323
162.338
162.487
162.789
162.795
162.836
162.88
162.931
163.051
163.246
163.297
163.414
163.416
163.477
163.601
163.643
163.724
164.031
164.249
164.264
164.435
164.452
164.595
164.97
164.998
165.075
165.124
165.208
165.322
165.388
165.434
165.482
165.531
165.64
165.667
165.906
165.908
165.996
166.015
166.041
166.118
166.234
166.258
166.302
166.392
166.511
166.516
166.553
166.6
166.749
166.775
166.835
167.166
167.27
167.532
167.553
167.686
167.86
167.924
167.942
167.963
168.01
168.122
168.186
168.213
168.299
168.593
168.711
168.712
168.764
168.771
168.823
168.881
168.885
168.934
168.956
169.231
169.263
169.322
169.423
169.528
169.529
169.746
169.758
169.948
169.958
169.977
170.022
170.076
170.111
170.135
170.415
170.49
170.585
170.596
170.606
170.711
170.717
170.756
170.765
170.797
170.827
170.849
170.876
171.055
171.151
171.258
171.301
171.365
171.442
171.755
171.985
172.042
172.081
172.206
172.216
172.263
172.288
172.453
172.547
172.591
172.816
172.823
172.921
172.941
173.015
173.019
173.021
173.17
173.176
173.343
173.376
173.905
174.042
174.085
174.191
174.25
174.265
174.425
174.483
174.491
174.494
174.634
174.752
174.807
174.92
175.024
175.098
175.258
175.425
175.539
175.625
175.643
175.682
175.692
176.018
176.058
176.175
176.191
176.269
176.369
176.383
176.467
176.525
176.537
176.576
176.588
176.607
176.69
176.723
176.727
176.858
176.889
176.918
176.991
177.045
177.1
177.187
177.38
177.388
177.475
177.573
177.612
177.639
177.726
177.757
177.778
178.076
178.108
178.15
178.188
178.264
178.299
178.354
178.451
178.512
178.577
178.838
178.866
178.907
178.936
179.031
179.258
179.266
179.284
179.324
179.515
179.515
179.517
179.913
180.182
180.189
180.244
180.251
180.264
180.282
180.305
180.373
180.477
180.543
180.565
180.663
180.862
180.897
181.153
181.195
181.294
181.341
181.353
181.391
181.458
181.474
181.544
181.563
181.604
181.685
181.833
181.859
181.887
182.03
182.038
182.186
182.206
182.361
182.647
182.66
182.748
182.75
182.787
182.945
183.064
183.686
183.736
183.78
183.833
184.058
184.075
184.131
184.179
184.413
184.468
184.617
184.639
184.675
184.676
184.7
184.932
184.941
185.035
185.176
185.406
185.452
185.556
185.563
185.606
185.788
185.858
185.863
185.875
185.92
185.93
186.13
186.196
186.204
186.271
186.697
186.733
186.75
186.96
186.975
187.256
187.376
187.407
187.531
187.548
187.571
187.698
187.831
188.185
188.291
188.301
188.508
188.628
188.886
188.939
188.943
188.972
189.003
189.086
189.111
189.119
189.344
189.412
190.046
190.114
190.147
190.204
190.248
190.36
190.62
190.637
190.767
191.007
191.058
191.069
191.232
191.319
191.377
191.408
191.428
191.613
191.815
191.827
191.842
191.911
192.015
192.465
192.645
192.827
193.119
193.189
193.383
193.462
193.49
193.614
193.871
194.095
194.163
194.218
194.284
194.294
194.45
194.486
194.66
194.994
195.004
195.027
195.133
195.2
195.245
195.334
195.449
195.566
195.595
195.61
195.633
195.701
195.945
195.975
195.981
195.987
196.311
196.74
196.851
197.382
197.527
197.885
197.935
197.979
198.088
198.196
198.261
198.297
198.428
198.445
198.546
198.597
198.675
198.712
198.746
198.894
199.051
199.051
199.121
199.142
199.178
199.299
199.412
199.481
199.58
199.651
199.693
199.894
199.909
200.145
200.175
200.229
200.316
200.356
200.357
200.526
200.643
200.832
200.833
200.965
201.038
201.105
201.418
201.52
201.614
201.883
202.085
202.497
202.55
202.748
202.791
202.821
202.899
203.028
203.12
203.237
203.439
203.445
203.503
203.61
203.683
203.736
203.742
203.965
204.07
204.206
204.266
204.415
204.44
204.523
204.546
204.573
204.597
204.646
204.646
204.7
204.739
204.743
204.744
204.793
205.083
205.093
205.134
205.14
205.186
205.265
205.337
205.357
205.442
205.506
205.507
205.568
205.577
205.584
205.604
205.753
205.957
206.086
206.225
206.319
206.573
206.59
206.685
206.811
206.898
206.978
207.344
207.521
207.541
207.847
207.899
207.994
208.003
208.018
208.167
208.241
208.259
208.42
208.6
208.64
208.967
209.155
209.192
209.287
209.341
209.41
209.468
209.661
209.693
209.808
209.825
210.155
210.162
210.204
210.253
210.305
210.308
210.349
210.564
210.645
210.679
210.771
210.784
210.893
210.957
211.04
211.153
211.231
211.485
211.523
211.642
211.661
211.756
212.189
212.224
212.254
212.564
212.619
212.733
212.754
212.787
212.791
212.831
212.857
213.029
213.041
213.091
213.42
213.452
213.74
213.761
213.873
213.987
214.07
214.114
214.318
214.374
214.379
214.387
214.527
214.628
214.63
214.689
214.76
214.801
214.867
214.919
215.032
215.203
215.289
215.418
215.569
215.649
215.674
215.749
215.779
216.041
216.085
216.169
216.452
216.675
216.845
216.882
216.977
217.053
217.182
217.311
217.585
217.607
217.638
217.839
217.944
218.225
218.413
218.44
218.458
218.481
218.885
219.013
219.139
219.29
219.434
219.515
219.638
219.656
219.739
219.895
219.905
219.908
220.047
220.185
220.245
220.26
220.439
220.62
220.677
220.689
220.833
220.87
220.904
220.926
220.962
220.995
221.155
221.412
221.455
221.538
221.788
221.924
221.973
222.249
222.368
222.405
222.484
222.512
222.548
222.605
222.646
222.671
222.76
222.82
222.899
223.131
223.143
223.144
223.313
223.453
223.494
223.593
223.739
223.758
223.906
224.111
224.32
224.438
225.132
225.227
225.237
225.245
225.358
225.511
225.815
225.83
225.911
226.043
226.08
226.198
226.28
226.306
226.426
226.467
226.795
226.845
226.96
226.975
227.043
227.048
227.346
227.403
227.448
227.449
227.555
227.816
227.917
227.926
227.948
228.193
228.222
228.352
228.446
228.606
228.616
228.623
228.666
228.677
228.685
228.817
228.963
229.113
229.124
229.571
229.69
229.695
229.83
229.892
230.211
230.225
230.419
230.455
230.583
230.875
230.994
231.033
231.072
231.085
231.109
231.202
231.235
231.336
231.341
231.432
231.432
231.474
231.904
231.926
231.938
231.995
232.106
232.118
232.158
232.224
232.361
232.571
232.657
232.718
232.965
233.127
233.305
233.421
233.542
233.7
233.799
234
234.063
234.067
234.188
234.268
234.334
234.371
234.412
234.428
234.473
234.622
234.641
235.074
235.107
235.172
235.282
235.315
235.541
235.665
235.671
235.774
235.894
236.053
236.258
236.276
236.331
236.345
236.541
237
237.174
237.209
237.212
237.239
237.334
237.527
237.576
237.67
237.679
237.712
237.818
237.927
238.086
238.116
238.16
238.356
238.422
238.424
238.551
238.58
238.807
238.889
239.028
239.323
239.38
239.567
239.575
239.588
239.868
239.971
240.001
240.169
240.327
240.351
240.462
240.529
240.548
240.881
241.215
241.398
241.406
241.417
241.772
242.305
242.449
242.48
242.535
242.536
242.542
242.611
242.721
242.786
242.788
242.881
242.976
243.043
243.075
243.174
243.328
243.477
243.501
243.526
243.571
243.785
243.949
243.962
243.979
243.98
244.049
244.254
244.334
244.46
244.59
244.646
244.822
245.242
245.504
245.511
245.608
245.621
245.653
245.741
245.843
245.857
246.08
246.187
246.254
246.272
246.286
246.354
246.618
246.766
246.861
247.089
247.103
247.138
247.189
247.449
247.581
247.602
247.664
247.694
247.705
247.865
247.865
248.084
248.098
248.217
248.346
248.544
248.655
248.768
248.823
249.015
249.042
249.056
249.2
249.256
249.265
249.314
249.335
249.415
249.517
249.675
249.705
249.778
249.805
249.862
249.932
250.042
250.234
250.335
250.348
250.371
250.385
250.63
250.85
250.987
251.041
251.085
251.277
251.425
251.561
251.652
251.81
252.042
252.044
252.074
252.083
252.095
252.166
252.387
252.43
252.484
252.704
252.821
252.838
252.869
253.034
253.222
253.426
253.472
253.482
253.522
253.621
253.724
253.762
253.805
253.828
253.867
253.959
254.053
254.121
254.125
254.267
254.481
254.579
254.692
254.712
254.802
254.811
254.92
254.964
255.01
255.018
255.036
255.183
255.217
255.243
255.456
255.461
255.662
255.748
255.783
255.791
255.947
255.99
256.002
256.05
256.06
256.067
256.241
256.332
256.353
256.441
256.66
256.664
256.751
256.805
256.857
257.005
257.084
257.098
257.355
257.46
257.835
257.951
257.956
257.978
258.424
258.644
258.809
258.862
258.939
259.118
259.166
259.309
259.417
259.424
259.509
259.519
259.541
259.56
259.864
259.877
259.878
260.02
260.054
260.167
260.442
260.57
260.798
260.919
261.007
261.082
261.103
261.116
261.296
261.317
261.36
261.462
261.512
261.591
261.679
261.807
261.824
261.833
261.908
262.103
262.132
262.159
262.245
262.266
262.563
262.766
262.877
262.889
262.892
262.982
263.078
263.598
263.603
263.72
263.788
263.933
263.97
264
264.09
264.249
264.302
264.312
264.333
264.365
264.412
264.425
264.531
264.537
264.578
264.729
264.969
264.984
265.148
265.323
265.337
265.533
265.741
265.928
265.978
266.012
266.072
266.105
266.17
266.216
266.278
266.644
266.86
266.864
267.053
267.069
267.108
267.168
267.235
267.239
267.252
267.26
267.448
267.601
267.615
267.675
267.823
267.904
267.985
268.066
268.077
268.082
268.12
268.229
268.409
268.47
268.637
268.874
268.901
269.007
269.016
269.038
269.061
269.252
269.415
269.518
269.521
269.525
269.61
269.661
269.947
269.97
270.041
270.125
270.165
270.349
270.454
270.535
270.583
270.648
270.674
270.692
270.726
270.76
270.896
270.909
270.924
270.944
270.956
270.97
271.062
271.117
271.207
271.344
271.363
271.432
271.449
271.478
271.593
271.967
271.967
271.971
272.045
272.081
272.265
272.282
272.589
272.651
272.777
272.921
273.092
273.125
273.14
273.361
273.522
273.606
273.656
273.839
273.841
273.847
273.906
273.948
274.042
274.153
274.219
274.26
274.399
274.589
274.741
274.857
274.975
274.986
275.016
275.092
275.173
275.196
275.301
275.331
275.345
275.365
275.508
275.837
275.923
275.977
276.031
276.047
276.247
276.267
276.298
276.445
276.514
276.999
277.016
277.044
277.074
277.274
277.301
277.394
277.399
277.509
277.792
277.835
277.854
277.973
278.006
278.016
278.028
278.038
278.167
278.284
278.316
278.323
278.385
278.482
278.485
278.51
278.671
278.757
278.761
278.762
278.795
279.14
279.166
279.379
279.496
279.604
279.675
279.692
279.711
279.724
279.831
279.864
279.939
280.164
280.303
280.554
280.558
280.586
280.657
280.678
280.804
280.83
280.841
280.898
280.915
281.015
281.049
281.129
281.435
281.452
281.459
281.642
281.751
281.798
281.861
282.12
282.229
282.291
282.32
282.474
282.508
282.559
282.648
282.906
283.019
283.033
283.043
283.125
283.537
283.718
283.952
283.956
283.992
284.143
284.242
284.265
284.555
284.615
284.623
284.842
284.914
284.987
284.993
285.056
285.068
285.075
285.109
285.387
285.446
285.63
285.691
285.766
285.802
285.816
285.931
285.953
285.96
285.984
286.049
286.115
286.238
286.242
286.425
286.432
286.787
286.879
287.023
287.171
287.189
287.254
287.304
287.439
287.855
288.103
288.104
288.116
288.199
288.411
288.607
288.674
288.711
288.919
288.958
288.972
289.037
289.156
289.176
289.325
289.706
289.74
289.787
289.903
290.04
290.082
290.145
290.219
290.33
290.383
290.431
290.637
290.674
290.684
290.715
290.771
290.893
290.97
291.24
291.384
291.541
291.687
291.732
291.93
292.104
292.191
292.193
292.216
292.268
292.317
292.317
292.371
292.495
292.555
292.588
292.61
292.701
292.855
293.071
293.174
293.3
293.373
293.506
293.569
293.588
293.596
293.609
293.705
293.763
293.85
293.89
293.981
294.144
294.349
294.358
294.366
294.422
294.475
294.757
294.823
294.837
294.947
295.008
295.02
295.156
295.348
295.456
295.555
295.645
295.779
295.893
296.23
296.256
296.285
296.665
296.677
296.713
296.754
296.811
296.894
297.016
297.036
297.089
297.14
297.189
297.278
297.282
297.353
297.92
298.041
298.065
298.149
298.176
298.192
298.22
298.311
298.32
298.331
298.405
298.422
298.514
298.591
298.692
298.7
298.745
298.892
299.03
299.091
299.091
299.163
299.187
299.414
299.621
299.718
299.876
299.952
300.096
300.161
300.296
300.399
300.801
300.923
301.153
301.233
301.262
301.308
301.33
301.349
301.623
301.631
301.667
301.996
302.039
302.362
302.409
302.519
302.525
302.551
302.701
302.75
302.767
302.922
302.954
303.022
303.025
303.034
303.058
303.067
303.355
303.67
303.721
303.757
304.045
304.164
304.669
304.854
305.148
305.181
305.193
305.238
305.4
305.432
305.548
305.685
305.734
305.886
305.951
305.977
306.102
306.18
306.248
306.528
306.546
306.716
306.791
306.792
306.999
307.076
307.147
307.191
307.246
307.367
307.423
307.648
307.741
307.769
307.868
307.869
307.876
307.924
308.582
308.801
308.941
309
309.117
309.123
309.234
309.306
309.378
309.471
309.676
309.814
309.878
309.957
310.093
310.28
310.333
310.369
310.427
310.535
310.827
310.864
310.931
310.98
311.013
311.075
311.17
311.201
311.271
311.414
311.524
311.669
311.724
311.813
311.818
311.965
312.042
312.083
312.126
312.204
312.25
312.319
312.439
312.522
312.676
312.784
312.851
312.965
312.979
312.999
313.02
313.133
313.161
313.249
313.373
313.623
313.675
314.002
314.198
314.232
314.285
314.304
314.442
314.451
314.632
314.702
314.829
315.072
315.207
315.557
315.773
315.854
315.911
315.938
316.054
316.151
316.254
316.646
316.65
316.662
316.76
316.819
316.844
317.148
317.276
317.3
317.365
317.464
317.724
317.776
317.933
318.042
318.482
318.517
318.646
318.704
318.803
318.88
318.923
318.936
319.049
319.11
319.111
319.393
319.394
319.483
320.037
320.076
320.306
320.523
320.669
320.951
320.98
321.134
321.37
321.421
321.536
321.54
321.706
321.847
322.22
322.229
322.688
322.705
323.003
323.036
323.05
323.078
323.204
323.24
323.265
323.278
323.285
323.375
323.388
323.406
323.435
323.763
323.809
324.112
324.438
324.491
324.574
324.646
324.69
324.729
324.804
324.933
325.225
325.251
325.267
325.333
325.412
325.463
325.682
325.934
325.996
326.05
326.086
326.169
326.289
326.303
326.334
326.379
326.55
327.123
327.17
327.24
327.353
327.546
327.68
327.795
327.876
327.933
327.971
328.035
328.071
328.155
328.239
328.299
328.377
328.55
328.571
328.653
328.834
328.854
329.071
329.175
329.209
329.236
329.255
329.264
329.288
329.566
330.078
330.093
330.209
330.218
330.33
330.433
330.669
330.721
331.045
331.146
331.349
331.423
331.431
331.521
331.525
331.561
331.612
331.74
331.908
331.927
331.949
332.079
332.252
332.259
332.483
332.484
332.5
332.574
332.667
332.734
332.768
332.97
333.083
333.184
333.208
333.226
333.253
333.406
333.482
333.594
333.676
333.685
333.692
333.81
333.817
333.997
334.018
334.243
334.307
334.582
334.602
334.607
334.616
334.631
334.785
334.983
335.087
335.133
335.269
335.302
335.373
335.601
335.749
335.864
335.961
336.048
336.079
336.117
336.227
336.398
336.457
336.49
336.503
336.527
336.885
336.98
336.987
337.014
337.07
337.1
337.187
337.253
337.335
337.37
337.542
337.591
337.595
337.823
338.004
338.133
338.359
338.535
338.64
338.641
338.667
338.701
338.765
338.868
338.976
338.991
339.093
339.18
339.393
339.499
339.717
339.766
339.833
339.855
340.018
340.032
340.073
340.285
340.293
340.367
340.464
340.47
340.838
340.96
341.064
341.125
341.268
341.276
341.28
341.28
341.294
341.627
341.789
341.816
341.894
342.023
342.118
342.215
342.483
342.617
342.628
342.759
342.802
342.809
342.848
342.969
343.004
343.039
343.094
343.138
343.14
343.147
343.16
343.181
343.323
343.65
343.713
343.727
343.771
343.794
343.991
344.196
344.233
344.259
344.761
344.865
344.93
345.207
345.262
345.278
345.288
345.369
345.398
345.666
345.725
345.747
345.879
345.884
345.946
345.982
346.047
346.196
346.422
346.502
346.571
346.576
346.601
346.604
346.649
346.673
346.893
347
347.144
347.525
347.582
347.646
347.688
347.801
347.851
348.022
348.047
348.157
348.239
348.287
348.399
348.41
348.463
348.531
348.606
348.729
348.833
348.976
349.276
349.293
349.334
349.335
349.37
349.428
349.551
349.674
349.817
349.86
350.118
350.144
350.164
350.452
350.538
350.547
350.61
350.713
350.755
350.781
350.964
351.019
351.137
351.258
351.488
351.523
351.576
351.606
351.64
351.684
351.766
351.794
351.873
352.065
352.451
352.585
352.669
352.723
352.856
352.893
353.014
353.027
353.327
353.541
353.854
353.942
354.014
354.044
354.099
354.228
354.35
354.412
354.906
354.907
354.951
355.113
355.332
355.335
355.684
355.772
356.042
356.119
356.204
356.251
356.263
356.34
356.411
356.471
356.511
356.572
356.757
356.772
357.25
357.46
357.731
357.771
358.308
358.332
358.468
358.504
358.608
358.673
358.684
358.707
358.723
358.776
359.003
359.069
359.083
359.27
359.316
359.371
359.388
359.451
359.697
359.765
359.919
360.152
360.504
360.653
360.982
361.046
361.06
361.086
361.142
361.195
361.232
361.287
361.424
361.459
361.485
361.505
361.845
361.9
361.97
361.989
362.027
362.101
362.151
362.186
362.279
362.372
362.557
362.602
362.63
362.787
362.794
362.839
362.847
362.852
363.064
363.214
363.259
363.447
363.496
363.701
363.719
363.822
363.879
363.891
363.984
364.066
364.075
364.097
364.111
364.37
364.482
364.504
364.566
364.626
365.151
365.414
365.457
365.584
365.71
365.852
365.87
365.974
365.978
366.048
366.191
366.203
366.23
366.293
366.446
366.479
366.501
366.542
366.57
366.581
366.622
366.626
366.636
366.797
366.848
366.902
366.944
367.045
367.074
367.3
367.374
367.497
367.582
367.707
367.722
367.872
367.903
368.053
368.11
368.328
368.329
368.414
368.435
368.466
368.499
368.743
368.916
369.007
369.176
369.235
369.718
369.746
369.755
369.934
369.951
369.955
370.127
370.358
370.372
370.478
370.604
370.679
370.728
370.876
370.905
371.043
371.067
371.07
371.207
371.244
371.314
371.437
371.904
372.102
372.225
372.248
372.286
372.442
372.521
372.6
372.719
372.844
372.93
372.934
373.062
373.171
373.226
373.418
373.462
373.652
373.676
373.827
373.831
373.906
373.946
374.016
374.206
374.228
374.494
374.806
374.93
375.027
375.142
375.148
375.153
375.181
375.303
375.446
375.483
375.505
375.535
375.659
375.864
375.947
375.983
376.025
376.03
376.153
376.162
376.179
376.376
376.81
376.929
377.073
377.103
377.217
377.735
377.764
377.793
377.807
378.065
378.114
378.192
378.53
378.56
378.673
378.987
379.053
379.141
379.23
379.315
379.406
379.476
379.487
379.493
379.538
379.576
379.634
379.71
379.791
379.935
379.965
380.241
380.388
380.401
380.521
380.538
380.891
380.933
381.022
381.075
381.15
381.175
381.24
381.285
381.308
381.39
381.643
381.774
381.855
381.977
382.013
382.035
382.072
382.095
382.117
382.31
382.406
382.63
382.717
382.767
382.825
382.891
382.955
382.993
383.088
383.106
383.289
383.297
383.358
383.71
383.779
383.782
384.136
384.169
384.367
384.491
384.602
384.643
384.658
384.696
384.7
384.795
384.797
384.984
385.071
385.418
385.509
385.552
385.57
385.594
385.651
385.653
385.741
385.811
385.868
385.876
385.925
386.052
386.128
386.133
386.172
386.642
386.673
386.724
386.808
386.843
386.879
386.949
387.024
387.58
387.613
387.778
387.91
387.943
387.962
388.027
388.071
388.176
388.302
388.317
388.343
388.384
388.455
388.579
388.619
388.696
388.797
388.839
388.963
389.056
389.386
389.547
389.611
389.724
389.76
389.862
389.865
389.894
390.016
390.075
390.11
390.184
390.197
390.308
390.333
390.548
390.641
390.671
390.74
390.819
390.846
390.929
390.967
391.084
391.188
391.338
391.78
391.784
391.941
392.166
392.285
392.512
392.513
392.522
392.523
392.556
392.695
392.85
392.912
393.018
393.102
393.192
393.228
393.326
393.413
393.478
393.594
393.631
393.632
393.679
393.683
393.877
393.965
393.982
393.992
394.01
394.076
394.113
394.261
394.278
394.517
394.523
394.55
394.787
394.79
394.828
394.831
394.833
394.896
394.91
395.116
395.244
395.428
395.444
395.5
395.527
395.575
395.673
395.739
395.931
395.931
395.944
395.955
396.144
396.221
396.272
396.583
396.585
396.921
397.012
397.09
397.093
397.176
397.298
397.495
397.969
398.077
398.164
398.23
398.297
398.313
398.321
398.335
398.456
398.603
398.632
398.821
399.009
399.08
399.146
399.168
399.265
399.282
399.348
399.737
399.747
399.79
400.066
400.148
400.265
400.389
400.42
400.434
400.517
400.624
400.679
400.684
400.832
401.027
401.055
401.065
401.183
401.209
401.219
401.319
401.417
401.435
401.453
401.459
401.503
401.51
401.546
401.711
401.828
401.859
401.889
401.948
401.95
402.017
402.057
402.249
402.254
402.424
402.839
402.845
402.92
402.981
403.191
403.245
403.263
403.66
403.736
404.027
404.064
404.116
404.185
404.201
404.476
404.534
404.668
404.714
405.405
405.526
405.592
405.635
405.637
405.674
405.78
406.115
406.165
406.256
406.271
406.277
406.454
406.68
406.706
406.71
406.717
406.789
407.087
407.317
407.534
407.578
407.783
407.803
407.884
407.929
408.07
408.261
408.458
408.505
408.962
409.237
409.317
409.35
409.688
409.769
409.784
409.805
409.832
409.892
409.919
410.459
410.618
410.663
410.681
410.739
411.005
411.07
411.184
411.38
411.421
411.533
411.533
411.537
411.577
411.843
411.948
411.968
412.025
412.116
412.119
412.654
412.815
412.864
413.276
413.36
413.408
413.44
413.529
413.616
413.638
413.697
413.896
414.028
414.132
414.132
414.179
414.189
414.219
414.381
414.751
414.854
414.956
415.063
415.12
415.148
415.26
415.297
415.361
415.596
415.626
415.627
415.781
415.874
415.875
415.973
416.113
416.115
416.195
416.315
416.549
416.691
416.743
416.953
417.018
417.11
417.261
417.497
417.753
417.867
417.937
417.969
418.085
418.093
418.467
418.484
418.494
418.62
418.622
418.677
418.806
418.982
419.053
419.055
419.078
419.163
419.288
419.388
419.398
419.487
419.535
419.593
419.951
420.036
420.163
420.238
420.369
420.487
420.543
420.636
420.869
420.91
421.196
421.249
421.445
421.628
421.784
422.053
422.129
422.295
422.396
422.505
422.52
422.683
422.69
422.751
422.814
422.939
422.947
422.948
423.022
423.341
423.426
423.445
423.598
423.712
423.761
423.77
423.921
423.931
423.936
424.047
424.072
424.076
424.147
424.177
424.475
424.496
424.508
424.717
424.818
424.835
424.947
425.151
425.365
425.384
425.469
425.526
425.614
425.634
426.322
426.412
426.499
426.734
427.075
427.229
427.233
427.483
427.698
427.94
428.473
428.481
428.601
428.727
428.8
429.169
429.214
429.239
429.285
429.328
429.383
429.418
429.46
429.578
429.813
429.85
429.874
429.94
429.985
430.019
430.166
430.17
430.249
430.323
430.44
430.523
430.58
430.669
430.735
430.773
430.788
430.839
430.855
431.002
431.488
431.865
431.978
432.065
432.113
432.261
432.478
432.479
432.481
432.524
432.745
432.764
432.804
433.008
433.064
433.138
433.271
433.275
433.519
433.837
433.94
433.947
434.125
434.282
434.364
434.496
434.52
434.522
434.525
435.268
435.275
435.283
435.471
435.568
435.61
435.705
435.73
435.764
436.047
436.236
436.263
436.32
436.373
436.588
436.678
436.733
436.747
436.891
437.636
437.85
437.903
438.008
438.25
438.402
438.503
439.136
439.156
439.425
439.548
439.571
439.661
439.712
439.799
439.801
439.824
439.908
440.065
440.092
440.197
440.201
440.3
440.336
440.408
440.425
440.7
441.017
441.03
441.202
441.284
441.303
441.378
441.382
441.383
441.4
441.458
441.466
441.509
441.549
441.716
441.793
441.908
441.95
442.004
442.136
442.153
442.154
442.212
442.257
442.67
442.715
442.736
442.738
442.743
442.954
443.016
443.137
443.174
443.183
443.211
443.232
443.427
443.534
443.541
443.725
443.76
443.774
443.834
443.93
444.009
444.197
444.23
444.349
444.37
444.446
444.877
444.979
444.982
445.319
445.585
445.622
445.823
445.917
446.115
446.271
446.332
446.356
446.848
446.932
446.972
447.15
447.262
447.326
447.345
447.465
447.545
447.605
447.728
448.053
448.285
448.389
448.413
448.569
448.634
448.734
448.736
448.746
448.846
448.906
448.937
448.978
449.242
449.3
449.41
449.428
449.444
449.513
449.644
449.755
449.835
449.933
450.171
450.181
450.255
450.408
450.467
450.553
450.632
450.644
450.717
450.879
451.004
451.061
451.108
451.361
451.384
451.405
451.463
451.535
451.548
451.58
451.59
451.606
451.607
451.678
451.702
451.783
451.848
451.896
451.898
452.017
452.02
452.083
452.102
452.139
452.257
452.402
452.414
452.485
452.571
452.624
452.889
452.955
453.074
453.085
453.107
453.316
453.436
453.464
453.548
453.769
453.769
453.798
453.817
453.828
453.896
454.429
454.523
454.572
454.577
454.708
454.73
454.979
455.076
455.088
455.165
455.213
455.305
455.343
455.404
455.466
455.518
455.548
455.607
455.608
455.632
455.652
455.697
455.703
455.713
455.751
455.903
455.979
456.459
456.714
456.727
456.915
456.994
457.142
457.248
457.343
457.384
457.391
457.711
457.8
457.945
458.029
458.03
458.103
458.14
458.181
458.186
458.54
458.551
458.564
458.565
458.648
458.746
458.787
458.99
459.018
459.228
459.272
459.274
459.304
459.351
459.351
459.387
459.49
459.741
459.791
459.848
459.855
460.224
460.464
460.499
460.605
460.611
460.697
460.901
460.91
461.057
461.306
461.43
461.47
461.529
461.813
461.85
461.901
461.916
462.116
462.42
462.437
462.471
462.472
462.612
462.677
462.679
462.745
462.777
462.809
462.947
463.015
463.064
463.206
463.348
463.424
463.523
463.546
463.582
463.763
463.815
463.864
463.945
464.033
464.083
464.167
464.259
464.352
464.45
464.521
464.696
464.845
464.918
465.001
465.019
465.192
465.274
465.421
465.467
465.517
465.537
465.579
465.686
465.755
465.781
465.885
466.288
466.336
466.359
466.553
466.557
466.865
466.936
467.307
467.348
467.352
467.407
467.451
467.605
467.686
467.901
467.94
468.007
468.018
468.404
468.44
468.476
468.576
468.593
468.889
469.002
469.017
469.097
469.165
469.166
469.229
469.283
469.305
469.336
469.347
469.441
469.465
469.465
469.563
469.727
469.749
469.825
470.062
470.189
470.635
470.701
470.726
470.929
471.045
471.162
471.174
471.278
471.325
471.363
471.393
471.473
471.484
471.485
471.49
471.619
471.647
471.652
471.698
471.801
471.854
471.904
472.118
472.286
472.359
472.396
472.528
472.536
472.673
472.76
472.869
473.001
473.007
473.149
473.195
473.336
473.405
473.412
473.518
473.542
473.658
473.666
473.762
473.861
473.884
473.887
474.011
474.018
474.158
474.158
474.173
474.284
474.321
474.525
474.53
474.544
474.712
474.744
474.852
475.232
475.257
475.503
475.516
475.729
475.73
475.861
475.969
476.112
476.153
476.266
476.485
476.518
476.53
476.568
476.574
476.674
476.702
476.769
476.823
476.917
477.088
477.091
477.103
477.109
477.154
477.188
477.306
477.328
477.459
477.465
477.57
477.587
477.619
477.648
477.735
477.858
477.937
477.984
478.02
478.07
478.276
478.291
478.343
478.433
478.492
478.528
478.569
478.576
478.799
478.87
478.992
479.019
479.046
479.194
479.196
479.207
479.317
479.688
479.827
479.881
479.972
480.146
480.164
480.265
480.296
480.441
480.517
480.605
480.612
480.653
480.679
480.825
480.831
480.919
481.109
481.229
481.267
481.369
481.536
481.554
481.557
481.628
481.629
481.652
481.749
481.831
481.901
481.952
481.987
481.996
482.202
482.204
482.359
482.551
482.658
482.771
482.779
482.811
482.852
482.902
483.076
483.107
483.11
483.158
483.168
483.246
483.276
483.309
483.364
483.372
483.494
483.536
483.556
483.724
483.737
483.788
483.848
483.989
484.027
484.035
484.282
484.304
484.423
484.523
484.565
484.684
484.76
484.842
484.918
484.931
484.935
484.999
485.08
485.164
485.167
485.214
485.233
485.267
485.391
485.861
485.908
486.05
486.238
486.427
486.712
486.756
486.777
486.956
486.98
486.984
487.128
487.197
487.213
487.514
487.846
488.056
488.062
488.218
488.267
488.423
488.515
488.541
488.561
488.806
489.009
489.194
489.263
489.29
489.389
489.458
489.519
489.52
489.64
489.69
489.805
489.909
489.953
489.988
490.14
490.185
490.192
490.376
490.496
490.631
490.7
490.766
490.836
490.978
491.011
491.094
491.458
491.619
491.835
491.861
491.864
492.015
492.204
492.237
492.275
492.283
492.289
492.643
492.858
493.123
493.489
493.529
494.011
494.059
494.101
494.583
494.708
494.884
494.911
494.969
495.138
495.178
495.261
495.265
495.275
495.289
495.345
495.443
495.474
495.564
495.626
495.757
495.769
495.836
495.854
495.986
496.248
496.341
496.387
496.396
496.429
496.434
496.483
496.639
496.714
496.763
496.83
496.861
497.092
497.105
497.25
497.284
497.629
497.707
497.798
497.919
498.007
498.051
498.128
498.228
498.279
498.288
498.308
498.378
498.446
498.454
498.541
498.559
498.604
498.644
498.735
498.881
498.922
498.971
499.016
499.047
499.156
499.24
499.404
499.432
499.475
499.557
499.644
499.661
499.715
499.718
499.722
499.735
499.822
500.036
500.045
500.084
500.1
500.11
500.288
500.303
500.445
500.473
500.578
500.631
500.647
500.982
501.004
501.041
501.128
501.205
501.207
501.245
501.31
501.342
501.345
501.722
501.729
501.734
501.739
501.965
502.095
502.196
502.357
502.441
502.507
502.726
502.729
503.125
503.157
503.52
503.79
504.087
504.097
504.124
504.153
504.159
504.186
504.211
504.28
504.328
504.448
504.54
504.553
504.583
504.932
504.947
505
505.009
505.055
505.136
505.197
505.327
505.378
505.501
505.57
506.011
506.02
506.228
506.233
506.247
506.568
506.711
506.873
506.931
507.051
507.075
507.134
507.146
507.207
507.287
507.371
507.479
507.498
507.809
507.851
507.978
508.021
508.045
508.053
508.071
508.387
508.518
508.733
508.791
508.863
508.926
509.061
509.066
509.419
509.438
509.554
509.662
509.68
509.757
509.76
509.802
509.867
509.895
510.193
510.274
510.303
510.392
510.772
510.874
510.885
510.936
511.012
511.207
511.502
511.613
511.662
511.746
511.832
511.856
512.154
512.203
512.295
512.329
512.433
512.733
512.807
512.888
513.117
513.121
513.194
513.267
513.605
513.828
513.845
513.854
513.856
513.858
513.943
514.085
514.223
514.282
514.294
514.367
514.412
514.627
514.835
515.219
515.262
515.292
515.39
515.51
515.6
515.602
515.613
515.709
515.715
515.739
515.767
515.818
516.087
516.344
516.349
516.83
517.168
517.189
517.266
517.334
517.353
517.398
517.427
517.431
517.461
517.515
517.535
517.705
517.82
517.93
518.078
518.081
518.087
518.114
518.144
518.188
518.232
518.268
518.274
518.291
518.55
518.573
518.626
518.671
518.69
518.726
518.757
518.778
519.055
519.068
519.175
519.182
519.182
519.209
519.261
519.324
519.329
519.571
519.737
519.806
519.924
519.928
519.935
519.964
520.079
520.156
520.368
520.463
520.525
520.572
520.587
520.695
520.719
520.756
520.775
520.813
521.041
521.084
521.237
521.293
521.3
521.321
521.391
521.514
521.575
521.588
521.596
521.791
521.902
521.94
521.961
521.965
521.968
522.033
522.137
522.254
522.269
522.292
522.517
522.537
522.769
522.838
522.878
523.011
523.016
523.033
523.103
523.111
523.15
523.185
523.492
523.662
523.83
523.877
524.011
524.073
524.132
524.187
524.477
524.559
524.701
524.76
524.773
524.922
525.026
525.156
525.165
525.181
525.246
525.27
525.275
525.367
525.397
525.558
525.648
525.718
525.867
525.899
525.94
525.949
526.055
526.066
526.095
526.188
526.2
526.216
526.318
526.318
526.382
526.549
526.709
526.786
526.942
526.961
527.032
527.131
527.14
527.158
527.198
527.473
527.61
527.629
527.665
527.666
527.797
527.912
528.394
528.48
528.556
528.746
528.882
529.146
529.161
529.293
529.415
529.484
529.497
529.643
529.803
530.001
530.012
530.022
530.05
530.094
530.111
530.47
530.587
530.691
530.975
531.024
531.685
531.724
531.811
532.346
532.456
532.58
532.599
532.633
533.503
533.591
533.759
533.799
533.831
533.878
534.046
534.069
534.074
534.263
534.389
534.496
534.674
534.706
534.769
534.792
534.864
534.895
535.254
535.33
535.483
535.59
535.622
535.657
535.715
535.752
535.753
535.97
536.004
536.098
536.162
536.182
536.237
536.293
536.33
536.354
536.428
536.455
536.466
536.562
536.724
536.761
536.819
536.831
536.865
537.151
537.494
537.621
537.79
537.839
537.955
538.181
538.232
538.255
538.419
538.48
538.534
538.81
538.904
539.45
539.592
539.606
539.862
539.944
539.944
540.001
540.083
540.103
540.245
540.465
540.495
540.506
540.532
540.579
540.602
540.626
540.641
540.695
540.703
540.735
540.93
541.156
541.378
541.418
541.457
541.488
541.534
541.685
541.856
541.901
541.925
542.057
542.069
542.108
542.221
542.256
542.259
542.301
542.406
542.703
542.817
542.901
543.003
543.066
543.088
543.174
543.385
543.6
543.606
543.634
543.655
543.766
543.791
543.835
543.89
544.086
544.106
544.292
544.366
544.606
544.634
544.785
545.024
545.025
545.2
545.846
545.928
546.003
546.085
546.169
546.171
546.299
546.479
546.597
546.766
546.796
546.83
546.887
547
547.052
547.243
547.256
547.454
547.755
547.854
547.885
547.934
547.993
548.047
548.065
548.111
548.179
548.248
548.249
548.45
548.472
548.629
549.042
549.084
549.205
549.226
549.447
549.661
549.725
550.038
550.147
550.216
550.402
550.441
550.536
550.76
550.826
550.873
550.953
550.975
551.317
551.485
551.543
551.543
551.8
551.913
551.921
552.15
552.379
552.483
552.564
552.587
552.73
552.739
552.955
553.005
553.078
553.089
553.305
553.382
553.399
553.492
553.497
553.516
553.574
553.926
553.932
554.018
554.271
554.368
554.377
554.593
554.826
554.828
554.976
555.017
555.181
555.439
555.581
555.631
555.727
555.806
555.809
555.815
555.877
555.983
556.133
556.395
556.591
556.784
556.997
557.029
557.121
557.157
557.224
557.29
557.342
557.387
557.39
557.425
557.657
557.657
557.669
557.72
557.76
557.794
557.914
558.033
558.104
558.108
558.144
558.168
558.194
558.384
558.422
558.447
558.649
558.743
558.857
558.907
558.975
558.99
559.044
559.063
559.11
559.192
559.224
559.233
559.275
559.358
559.385
559.407
559.508
559.696
559.829
559.903
559.963
560
560.299
560.315
560.322
560.355
560.4
560.434
560.628
560.651
560.805
560.848
560.896
561.024
561.039
561.174
561.188
561.306
561.348
561.397
561.456
561.631
561.639
561.701
561.795
561.833
562.347
562.365
562.483
562.504
563.14
563.304
563.476
563.484
563.661
563.759
563.815
563.901
564.036
564.051
564.125
564.163
564.335
564.851
564.957
565.068
565.154
565.213
565.232
565.477
565.614
565.731
565.824
565.922
565.971
566.031
566.23
566.232
566.275
566.408
566.848
567.015
567.082
567.239
567.305
567.391
567.506
567.532
567.583
567.595
567.702
567.742
568.061
568.179
568.262
568.271
568.288
568.494
568.616
569.089
569.149
569.151
569.236
569.24
569.457
569.494
569.678
569.732
569.801
569.844
569.859
569.878
569.939
570.042
570.045
570.347
570.399
570.43
570.487
570.5
570.905
570.982
571.297
571.433
571.449
571.616
571.79
571.893
572.368
572.778
572.81
572.813
572.831
573.156
573.3
573.36
573.431
573.469
573.6
573.781
574.08
574.473
574.534
574.574
574.604
574.798
575.146
575.151
575.536
575.746
575.763
575.817
576.098
576.103
576.537
576.561
576.575
576.646
576.709
576.835
576.841
576.885
576.915
577.054
577.123
577.135
577.183
577.238
577.464
577.604
577.62
577.649
577.686
577.701
577.846
577.887
577.888
578.022
578.287
578.296
578.426
578.543
578.585
578.689
578.74
579.328
579.413
579.5
579.541
579.546
579.814
579.855
579.857
579.868
579.888
579.991
580.01
580.013
580.083
580.149
580.261
580.265
580.329
580.459
580.503
580.635
580.745
580.893
581.3
581.317
581.735
581.773
581.809
581.857
581.928
581.929
582.105
582.173
582.197
582.288
582.624
582.625
582.666
582.741
582.748
582.803
582.861
582.87
583.155
583.166
583.257
583.557
583.628
583.779
583.825
584.075
584.152
584.235
584.418
584.419
584.491
584.597
584.722
584.756
584.985
584.995
585.002
585.102
585.289
585.349
585.384
585.429
585.545
585.615
585.616
585.655
585.683
585.753
585.766
585.805
586
586.156
586.185
586.21
586.598
586.623
586.866
586.875
587.083
587.182
587.203
587.372
587.49
587.82
587.847
588.294
588.698
588.703
588.753
588.772
589.036
589.045
589.242
589.367
589.546
589.56
589.795
589.944
590.033
590.101
590.167
590.268
590.306
590.77
590.889
591.034
591.122
591.277
591.287
591.373
591.393
591.46
591.463
591.503
591.664
591.822
591.86
591.993
592.05
592.073
592.265
592.281
592.297
592.358
592.409
592.416
592.684
592.687
592.751
592.782
592.863
593.146
593.314
593.43
593.72
593.744
593.887
593.973
594.034
594.088
594.352
594.383
594.437
594.441
594.51
594.735
594.808
595.045
595.052
595.504
595.632
595.675
595.751
595.761
596.028
596.144
596.199
596.202
596.325
596.356
596.377
596.652
597.033
597.22
597.225
597.229
597.254
597.38
597.458
597.513
597.564
597.565
597.594
597.734
598.151
598.2
598.276
598.444
598.539
598.664
598.725
598.734
598.872
599.01
599.016
599.055
599.133
599.176
599.365
599.384
599.478
599.52
599.522
599.859
599.993
600.002
600.285
600.648
600.671
600.848
600.878
601.008
601.094
601.172
601.226
601.376
601.557
601.831
601.906
602.001
602.16
602.304
602.344
602.425
602.528
602.613
602.621
602.688
602.788
602.9
603.163
603.424
603.627
603.929
604.171
604.241
604.267
604.537
604.62
604.755
604.828
604.868
604.96
605.013
605.157
605.38
605.39
605.456
605.461
605.649
605.651
605.703
605.712
606.023
606.63
606.774
606.818
606.997
607.005
607.22
607.413
607.993
608.091
608.483
608.547
608.609
608.672
608.766
608.818
608.827
608.854
608.854
608.901
609.143
609.159
609.175
609.431
609.536
609.554
609.578
609.657
609.776
610.14
610.464
610.578
610.638
610.681
610.863
610.928
611.158
611.454
611.884
611.916
611.958
612.013
612.044
612.137
612.272
612.303
612.343
612.414
612.637
612.649
612.725
612.878
613.008
613.112
613.131
613.17
613.379
613.581
613.619
613.629
613.689
613.691
613.817
613.851
614.001
614.035
614.15
614.232
614.232
614.362
614.432
614.468
614.567
614.727
614.732
614.878
614.957
615.221
615.539
615.594
615.966
616.05
616.084
616.182
616.331
616.391
616.456
616.644
616.708
616.778
616.809
617.174
617.206
617.303
617.336
617.372
617.568
617.589
617.725
617.801
617.805
617.814
617.851
617.877
617.887
618.078
618.119
618.14
618.176
618.181
618.253
618.254
618.337
618.508
618.68
618.721
618.748
618.855
618.865
618.878
619.051
619.119
619.217
619.376
619.674
619.712
619.726
619.762
619.995
620.277
620.306
620.345
620.394
620.404
620.463
620.569
620.611
620.672
620.769
620.815
620.932
621.059
621.075
621.156
621.234
621.258
621.384
621.523
621.671
621.839
621.849
621.903
621.922
621.95
622.034
622.087
622.164
622.197
622.404
622.442
622.443
622.577
622.592
622.658
622.709
622.833
623.141
623.231
623.263
623.272
623.428
623.498
623.678
623.724
623.725
623.762
624.389
624.425
624.679
624.709
624.861
625.036
625.147
625.17
625.225
625.266
625.498
625.514
625.874
625.882
625.927
626.035
626.076
626.288
626.334
626.48
626.506
626.539
626.827
626.952
627.005
627.247
627.284
627.402
627.408
627.476
627.546
627.639
627.699
627.816
627.825
628.004
628.026
628.16
628.409
628.745
628.782
628.9
628.913
629.13
629.14
629.223
629.309
629.333
629.472
629.482
629.515
629.669
629.703
629.81
629.926
629.955
629.973
630.311
630.341
630.349
630.425
630.441
630.494
630.551
630.586
630.628
630.708
630.868
630.932
630.941
631.32
631.602
631.76
631.825
632.109
632.178
632.363
632.372
632.464
632.543
632.633
632.684
633.429
633.499
633.501
633.576
633.626
633.735
633.834
633.944
634.111
634.122
634.127
634.22
634.275
634.3
634.328
634.336
634.532
634.712
634.847
634.871
634.927
634.974
635.074
635.239
635.521
635.598
635.863
635.93
636.097
636.302
636.344
636.346
636.41
636.459
636.498
636.713
636.835
636.92
637.02
637.066
637.12
637.251
637.274
637.326
637.465
637.467
637.48
637.496
637.498
637.579
637.597
637.902
637.95
638.107
638.179
638.201
638.445
638.497
638.554
638.671
638.747
638.933
638.947
639.001
639.075
639.156
639.353
639.458
639.49
639.799
639.942
640.009
640.175
640.232
640.276
640.51
640.593
640.628
640.69
640.785
640.791
640.848
640.895
640.925
640.941
641.3
641.332
641.688
641.864
641.865
641.892
642.017
642.047
642.076
642.31
642.343
642.373
642.487
642.551
642.628
642.667
642.683
643.194
643.533
643.664
643.81
643.899
643.99
644.049
644.149
644.227
644.24
644.328
644.358
644.403
644.407
644.524
644.534
644.591
644.632
644.797
644.828
644.878
644.919
645.22
645.223
645.234
645.275
645.281
645.38
645.556
645.625
645.63
645.801
645.838
645.862
645.895
645.977
646.142
646.159
646.206
646.281
646.316
646.473
646.878
647.168
647.229
647.232
647.341
647.348
647.7
647.715
647.778
647.806
647.906
647.93
647.943
648.01
648.018
648.284
648.354
648.769
648.827
649.173
649.248
649.353
649.396
649.511
649.567
649.679
649.796
649.973
650.171
650.209
650.238
650.246
650.247
650.517
650.67
650.683
650.702
650.847
650.878
650.974
651.002
651.126
651.13
651.28
651.432
651.464
651.526
651.761
651.839
652.047
652.282
652.471
652.667
652.668
652.717
652.832
652.837
652.943
652.974
653.014
653.078
653.119
653.22
653.404
653.594
653.74
653.891
653.958
654.021
654.123
654.155
654.278
654.471
654.557
654.607
654.765
654.798
654.82
655.055
655.144
655.147
655.176
655.275
655.404
655.477
655.506
655.717
656.011
656.055
656.089
656.206
656.347
656.376
656.426
656.498
656.535
656.714
656.757
656.828
656.843
656.891
656.927
657.022
657.062
657.217
657.226
657.492
657.581
657.673
657.701
657.815
657.847
657.904
658.012
658.084
658.098
658.102
658.105
658.12
658.174
658.253
658.364
658.442
658.843
658.852
659.044
659.086
659.266
659.751
659.838
659.843
659.936
659.957
660.08
660.168
660.215
660.313
660.325
660.446
660.464
660.68
660.915
660.983
660.999
661.174
661.432
661.499
661.589
661.652
661.902
661.906
662.108
662.146
662.205
662.261
662.266
662.359
662.438
662.441
662.688
662.791
662.802
662.886
662.901
662.918
663.127
663.13
663.466
663.524
663.543
663.607
663.666
663.766
663.802
663.859
663.928
664.066
664.067
664.087
664.126
664.19
664.203
664.216
664.614
664.651
664.945
664.989
665.182
665.235
665.262
665.412
665.522
665.745
665.75
665.861
666.035
666.496
666.783
666.828
666.91
667.149
667.212
667.247
667.301
667.459
668.144
668.27
668.34
668.415
668.541
668.714
668.731
668.732
668.761
668.845
668.973
669.098
669.542
669.546
669.594
669.801
670.015
670.025
670.096
670.135
670.365
670.441
670.443
670.571
670.584
670.733
670.836
670.878
671.097
671.177
671.444
671.464
671.505
671.762
671.771
671.855
671.954
672.047
672.235
672.32
672.341
672.36
672.374
672.627
672.708
672.789
672.826
672.924
673.097
673.121
673.328
673.379
673.489
673.639
674.124
674.124
674.141
674.21
674.267
674.406
674.493
674.92
674.929
675.053
675.128
675.169
675.271
675.361
675.393
675.433
675.539
675.645
675.663
675.687
675.705
675.909
676.011
676.195
676.289
676.405
676.406
676.407
676.41
676.473
676.518
676.58
676.872
676.889
676.942
677.039
677.074
677.214
677.244
677.72
677.763
678.263
678.42
678.571
678.577
678.732
678.736
679.073
679.128
679.298
679.467
679.59
679.608
679.668
679.707
680.011
680.182
680.276
680.287
680.438
680.476
680.682
680.83
680.925
681.326
681.337
681.414
681.45
681.481
681.504
681.524
681.736
681.876
681.889
681.976
682.07
682.086
682.168
682.218
682.334
682.468
682.482
682.493
682.51
682.586
682.622
682.662
682.856
682.944
683.18
683.184
683.254
683.259
683.288
683.453
683.481
683.487
683.534
683.574
683.578
683.698
683.804
683.891
683.979
684.1
684.31
684.359
684.464
684.471
684.475
684.694
684.706
684.717
684.852
684.862
685.099
685.188
685.309
685.379
685.428
685.464
685.545
685.669
685.851
685.914
685.955
685.955
685.964
686.064
686.158
686.314
686.384
686.444
686.498
686.546
686.667
686.731
686.748
687.087
687.198
687.236
687.24
687.259
687.459
687.506
687.525
687.654
687.758
687.941
688.096
688.131
688.231
688.308
688.447
688.561
688.585
688.663
688.773
689.105
689.221
689.248
689.257
689.284
689.355
689.49
689.664
689.675
689.694
689.943
690.061
690.152
690.156
690.294
690.325
690.432
690.582
690.614
691.089
691.211
691.521
691.563
691.674
691.744
691.905
691.927
692.074
692.287
692.389
692.551
692.583
692.657
692.741
692.831
692.855
693.126
693.127
693.257
693.514
693.581
693.602
693.758
693.801
694.108
694.433
694.667
694.699
694.756
694.773
694.8
694.904
694.908
695.059
695.572
695.733
695.735
695.778
695.879
696.012
696.121
696.304
696.367
696.393
696.428
696.461
696.463
696.805
696.822
697.196
697.196
697.214
697.416
697.612
697.694
697.753
698.067
698.198
698.279
698.386
698.49
698.512
698.814
698.926
699.084
699.104
699.148
699.153
699.25
699.284
699.402
699.437
699.44
699.606
699.639
699.79
699.939
700.313
700.384
700.42
700.462
700.827
700.954
701.223
701.225
701.317
701.359
701.461
701.563
701.817
701.853
701.865
701.879
701.901
702.022
702.035
702.455
702.482
702.589
702.678
702.681
702.891
702.932
703.205
703.314
703.358
703.394
703.409
703.466
703.513
703.977
704.03
704.072
704.15
704.535
704.551
704.551
704.677
704.688
704.709
704.779
704.797
704.866
705.001
705.056
705.191
705.209
705.21
705.214
705.31
705.413
705.43
705.502
705.751
705.825
705.935
706
706.164
706.271
706.683
706.725
706.772
706.832
707.078
707.175
707.353
707.361
707.416
707.586
707.612
707.864
708.025
708.269
708.276
708.347
708.398
708.945
708.994
709.035
709.047
709.206
709.238
709.267
709.275
709.285
709.339
709.419
709.613
709.933
710.011
710.056
710.156
710.218
710.242
710.32
710.322
710.37
710.393
710.424
710.442
710.466
710.502
710.645
710.653
710.754
710.819
710.831
710.89
710.899
710.906
710.993
711.011
711.072
711.213
711.409
711.432
711.524
711.568
711.634
711.711
711.773
711.773
711.958
712.041
712.052
712.09
712.154
712.16
712.198
712.275
712.628
712.803
712.943
713.17
713.171
713.489
713.724
713.79
713.805
714.02
714.024
714.072
714.098
714.197
714.209
714.369
714.43
714.478
714.491
714.648
714.66
714.969
714.979
715.052
715.128
715.153
715.192
715.254
715.328
715.523
715.59
715.601
715.686
715.806
715.884
716.149
716.19
716.338
716.495
716.725
716.822
716.877
716.888
716.894
716.946
717.103
717.165
717.393
717.417
717.575
717.638
717.698
717.787
718.167
718.176
718.224
718.306
718.49
718.532
718.586
718.614
718.691
718.703
718.786
718.789
718.965
719.039
719.111
719.311
719.312
719.395
719.456
719.521
719.807
719.945
719.986
720.052
720.088
720.59
720.612
720.655
720.668
720.731
720.873
720.958
720.963
720.967
721.01
721.024
721.049
721.126
721.145
721.328
721.376
721.412
721.44
721.53
721.557
721.902
721.984
722.058
722.073
722.345
722.466
722.479
722.524
722.567
722.666
722.669
722.673
722.888
722.933
722.955
723.13
723.146
723.319
723.464
723.53
723.885
724.109
724.204
724.284
724.313
724.417
724.555
724.678
724.792
724.858
725.064
725.266
725.302
725.46
725.832
725.881
725.965
726.297
726.314
726.364
726.374
726.47
726.611
726.714
727.099
727.338
727.58
727.624
727.777
728.025
728.335
728.561
728.609
728.671
728.754
728.868
728.877
728.954
729.181
729.26
729.375
729.407
729.408
729.458
729.472
729.518
729.518
729.526
729.606
729.74
729.755
729.767
729.848
729.962
730.275
730.506
730.667
730.69
730.704
730.763
730.794
730.891
730.908
730.922
730.922
730.966
731.091
731.252
731.355
731.407
731.676
731.866
732.105
732.363
732.51
732.623
732.657
732.694
732.798
732.862
732.965
732.987
733.088
733.136
733.143
733.292
733.447
733.567
733.745
733.836
733.857
733.892
734.039
734.227
734.341
734.389
734.742
734.763
734.954
735.062
735.131
735.306
735.348
735.457
735.603
735.618
735.667
735.736
735.739
735.751
735.854
735.857
736.019
736.124
736.356
736.485
736.572
736.6
736.627
736.712
736.712
736.775
736.862
737.149
737.289
737.296
737.296
737.453
737.486
737.494
737.644
738
738.371
738.377
738.422
738.548
738.634
738.649
738.653
738.835
738.865
739.035
739.04
739.19
739.194
739.379
739.534
739.609
739.656
739.697
739.731
739.948
739.97
740.007
740.027
740.097
740.111
740.112
740.159
740.525
740.945
741.276
741.432
741.604
741.624
741.725
741.825
742.003
742.214
742.305
742.357
742.435
742.499
742.5
742.513
742.565
742.722
742.746
743.357
744.117
744.119
744.127
744.338
744.446
744.5
744.608
744.722
744.832
744.914
745.034
745.086
745.263
745.343
745.779
745.842
745.874
746.142
746.192
746.292
746.403
746.706
747.016
747.119
747.123
747.185
747.218
747.402
747.403
747.442
747.474
747.494
747.556
747.579
747.584
747.908
747.951
747.963
747.963
748.019
748.057
748.058
748.405
748.545
748.756
748.762
748.907
749.057
749.062
749.075
749.121
749.281
749.329
749.448
749.526
749.539
749.547
749.787
749.875
750.093
750.128
750.137
750.181
750.353
750.359
750.502
750.521
750.583
750.59
750.639
750.689
750.987
751.079
751.148
751.184
751.205
751.215
751.224
751.274
751.278
751.37
751.45
751.459
751.506
751.596
751.609
751.688
751.947
751.961
751.983
752.01
752.025
752.116
752.278
752.34
752.451
752.727
752.993
753.05
753.169
753.19
753.265
753.511
753.545
753.857
753.899
753.95
754.047
754.108
754.366
754.494
754.497
754.595
754.622
754.672
754.702
754.878
754.992
755.104
755.125
755.132
755.227
755.442
755.484
755.501
755.548
755.77
755.809
755.954
755.966
756.242
756.31
756.521
756.65
756.702
756.726
756.769
756.856
756.98
756.992
757.018
757.102
757.126
757.312
757.313
757.536
757.568
757.642
757.676
757.771
757.838
757.851
757.996
758.027
758.099
758.373
758.383
758.42
758.436
758.466
758.602
758.63
758.648
758.693
758.695
758.74
758.743
758.83
758.833
758.857
759.025
759.04
759.372
759.55
759.55
759.868
759.953
760.13
760.18
760.416
760.418
760.444
760.456
760.711
760.869
760.902
760.983
761.245
761.311
761.653
761.773
761.935
762.085
762.226
762.27
762.298
762.353
762.43
762.439
762.582
762.747
762.782
762.933
762.936
762.938
762.946
762.946
762.973
763.067
763.069
763.122
763.178
763.197
763.318
763.329
763.341
763.527
763.58
763.731
763.895
763.908
764.15
764.226
764.269
764.362
764.549
764.591
764.606
764.681
764.722
765.137
765.496
765.65
765.673
765.71
765.719
765.867
766.04
766.118
766.218
766.339
766.371
766.445
766.481
766.561
766.583
766.693
766.697
766.711
766.715
766.897
766.994
766.995
767.074
767.156
767.255
767.327
767.444
767.456
767.482
767.489
767.511
767.544
767.645
767.738
767.753
767.771
767.803
768.069
768.07
768.265
768.316
768.342
768.53
768.826
768.882
768.974
768.979
769.352
769.421
769.735
769.748
769.933
769.987
769.992
770.013
770.278
770.308
770.435
770.465
770.536
770.617
770.97
770.972
771.027
771.032
771.058
771.091
771.194
771.22
771.245
771.509
771.534
771.653
771.754
771.846
771.919
771.957
772.053
772.086
772.238
772.279
772.537
772.624
772.747
772.881
773.056
773.237
773.43
773.451
773.497
773.625
773.868
773.911
773.921
773.963
773.988
774.081
774.098
774.298
774.308
774.401
774.642
774.653
774.654
774.67
774.708
774.827
774.897
775.023
775.029
775.043
775.06
775.27
775.553
775.622
775.699
775.849
775.94
775.944
775.953
776.036
776.043
776.157
776.177
776.583
776.603
776.618
776.686
777.104
777.162
777.253
777.439
777.459
777.674
777.815
777.849
777.909
777.948
778.003
778.332
778.35
778.498
778.652
778.882
778.951
778.979
778.994
779.085
779.086
779.096
779.363
779.646
779.665
779.691
779.695
779.704
779.72
779.792
779.815
779.989
780.126
780.14
780.155
780.171
780.211
780.302
780.608
780.652
780.749
780.833
780.861
781
781.067
781.203
781.445
781.606
781.651
781.975
782.023
782.082
782.156
782.287
782.357
782.36
782.495
782.534
782.756
782.886
783.038
783.189
783.227
783.28
783.352
783.506
783.576
783.583
783.651
783.833
783.891
784.017
784.183
784.378
784.436
784.469
784.739
784.959
785.053
785.105
785.238
785.419
785.426
785.444
785.573
785.703
785.754
785.767
785.933
785.936
786.173
786.425
786.587
786.633
786.639
786.655
786.729
786.874
786.988
787.074
787.132
787.142
787.245
787.492
787.57
787.68
787.867
787.92
788.055
788.081
788.087
788.103
788.356
788.519
788.616
788.659
788.688
788.699
788.715
788.726
788.733
788.833
789.013
789.037
789.594
789.636
789.768
789.804
789.931
789.961
789.987
789.987
790.032
790.09
790.161
790.417
790.749
790.772
790.846
790.861
790.905
790.929
790.955
791.004
791.46
791.581
791.603
791.637
791.658
791.668
791.734
791.76
791.938
791.939
792.021
792.044
792.114
792.172
792.411
792.512
792.687
793.069
793.185
793.285
793.413
793.649
793.65
793.677
793.921
794.185
794.269
794.3
794.391
794.487
794.647
794.708
794.716
794.793
794.943
794.993
795.035
795.103
795.142
795.157
795.176
795.249
795.323
795.404
795.505
795.655
795.958
796.443
796.47
796.511
796.571
796.645
796.689
796.719
796.742
796.836
796.902
796.913
796.919
797.049
797.069
797.186
797.196
797.235
797.507
797.524
797.549
797.695
797.759
797.767
797.907
797.969
798.112
798.308
798.328
798.439
798.454
798.475
798.61
798.85
798.866
798.933
798.952
799.011
799.039
799.082
799.425
799.488
799.499
799.526
799.652
799.804
799.875
800.084
800.204
800.293
800.297
800.466
800.51
800.564
800.631
800.651
800.769
800.949
801.056
801.113
801.116
801.201
801.452
801.558
801.629
801.662
801.795
802.414
802.513
802.594
802.674
802.875
802.885
802.943
803.084
803.226
803.28
803.47
803.475
803.762
803.772
803.849
803.923
803.989
804.03
804.037
804.044
804.128
804.471
804.62
804.715
804.908
804.921
805.01
805.078
805.182
805.308
805.321
805.363
805.492
805.723
806.122
806.31
806.356
806.453
806.5
806.526
806.884
806.902
806.957
806.982
807.033
807.206
807.303
807.375
807.428
807.669
807.817
807.997
808.021
808.052
808.16
808.174
808.242
808.254
808.324
808.37
808.374
808.5
808.586
808.603
808.629
808.868
808.873
808.927
808.947
809.324
809.397
809.615
809.685
809.69
809.775
809.844
810.086
810.309
810.546
810.569
810.61
810.643
810.647
810.699
810.825
810.922
811.039
811.042
811.093
811.101
811.163
811.212
811.518
811.588
811.701
811.804
811.853
811.86
811.919
812.087
812.101
812.227
812.38
812.388
812.437
812.525
812.585
812.596
812.769
812.827
812.895
812.99
813.169
813.356
813.362
813.382
813.394
813.867
814.19
814.491
814.62
814.696
814.769
814.797
814.829
814.852
814.963
815.106
815.28
815.341
815.387
815.741
815.801
816.092
816.096
816.678
816.683
816.848
817.06
817.092
817.172
817.217
817.227
817.248
817.354
817.636
817.639
817.642
817.812
817.909
817.91
817.957
818.073
818.246
818.316
818.408
818.457
818.769
818.83
818.947
819.057
819.086
819.13
819.178
819.379
819.478
819.493
819.783
819.818
819.917
820.142
820.242
820.649
820.753
820.787
820.797
820.821
820.835
820.925
821.009
821.249
821.431
821.606
821.649
821.702
821.757
821.794
821.812
821.912
821.999
822.081
822.256
822.261
822.3
822.487
822.674
822.754
822.888
822.904
823.059
823.068
823.191
823.315
823.317
823.421
823.509
823.558
823.999
824.016
824.152
824.163
824.242
824.343
824.525
824.619
824.623
824.623
824.863
824.886
825
825.008
825.066
825.07
825.165
825.215
825.349
825.505
825.696
825.726
825.733
825.814
825.866
826.259
826.712
827.022
827.193
827.326
827.428
827.437
827.742
827.794
827.822
827.865
828.081
828.089
828.153
828.181
828.44
828.449
828.473
828.474
828.514
828.59
828.812
829.065
829.095
829.482
829.579
829.591
829.636
829.698
829.702
829.704
829.728
829.867
829.883
830.059
830.107
830.107
830.145
830.147
830.317
830.412
830.49
830.591
830.641
830.651
830.678
830.72
830.762
830.857
830.86
831.32
831.707
831.741
831.803
831.812
831.829
831.983
831.987
832.011
832.068
832.149
832.313
832.5
832.73
832.784
832.803
833.035
833.115
833.138
833.301
833.303
833.379
833.719
833.726
833.734
833.753
833.781
833.786
833.946
833.956
834.112
834.179
834.211
834.353
834.49
834.51
834.715
834.816
834.897
835.02
835.295
835.333
835.341
835.41
835.575
835.644
835.709
835.86
835.905
835.987
836.098
836.135
836.234
836.292
836.452
836.489
836.567
836.584
836.748
836.845
836.847
837.23
837.307
837.34
837.381
837.455
837.688
837.748
837.816
837.854
837.895
838.121
838.595
838.669
838.799
838.878
838.925
839.32
839.397
839.437
839.479
839.756
839.864
839.991
840.009
840.01
840.036
840.06
840.078
840.141
840.265
840.344
840.442
840.513
840.516
840.766
840.803
840.807
840.869
840.932
840.949
840.953
841.103
841.225
841.255
841.258
841.434
841.652
841.667
841.714
841.766
841.84
841.909
841.914
841.943
841.969
842.066
842.239
842.249
842.255
842.289
842.404
842.513
842.542
842.633
842.688
842.719
842.828
842.847
842.944
843.695
843.715
844.077
844.22
844.249
844.284
844.337
844.358
844.384
844.418
844.503
845.007
845.145
845.259
845.343
845.372
845.453
845.468
845.541
845.635
845.759
845.921
845.931
845.971
846.04
846.084
846.192
846.292
846.397
846.594
846.624
846.706
846.877
846.947
846.966
847.065
847.117
847.157
847.268
847.573
847.995
848.088
848.113
848.214
848.253
848.424
848.673
849.031
849.134
849.149
849.21
849.249
849.362
849.634
849.688
849.817
849.963
850.035
850.122
850.478
850.515
850.855
850.964
851
851.217
851.314
851.357
851.474
851.511
851.742
851.77
851.83
851.895
851.919
851.926
852.157
852.173
852.327
852.59
852.6
852.613
852.68
852.764
852.817
852.842
852.902
852.979
853.265
853.321
853.43
853.516
853.532
853.54
853.777
853.956
854.063
854.232
854.244
854.277
854.454
854.483
854.573
854.588
855.103
855.214
855.215
855.27
855.397
855.529
855.589
855.733
855.761
855.808
855.957
855.991
856.452
856.519
856.599
856.602
857.001
857.012
857.041
857.089
857.093
857.17
857.309
857.326
857.535
857.58
857.598
857.748
857.753
857.825
857.836
857.892
857.898
857.921
858.328
858.416
858.476
858.541
858.608
859.05
859.092
859.096
859.122
859.171
859.281
859.379
859.562
859.575
859.767
859.829
859.947
860.03
860.234
860.236
860.263
860.343
860.463
860.733
860.748
860.751
860.814
860.994
861.291
861.326
861.563
861.897
862.068
862.16
862.275
862.443
862.491
862.535
862.64
862.687
862.781
862.848
862.999
863.095
863.208
863.488
863.543
863.552
863.721
863.755
863.889
863.901
864.056
864.134
864.243
864.245
864.529
864.832
864.887
864.982
865.03
865.034
865.052
865.06
865.1
865.127
865.282
865.307
865.313
865.471
865.516
865.685
865.862
865.886
865.934
865.99
866.141
866.148
866.156
866.393
866.407
866.408
866.435
866.52
866.65
866.815
866.861
866.869
866.894
867.228
867.293
867.361
867.364
867.388
867.724
867.79
867.808
867.815
867.817
868.083
868.24
868.244
868.26
868.307
868.436
868.459
868.46
868.475
868.51
868.526
868.547
868.587
868.639
868.893
869.135
869.17
869.2
869.355
869.467
869.475
869.526
869.586
869.708
869.922
869.996
870.131
870.168
870.231
870.296
870.316
870.702
870.945
870.984
871.093
871.118
871.241
871.502
871.546
871.587
871.625
871.893
871.967
872.088
872.158
872.222
872.234
872.277
872.289
872.35
872.403
872.486
872.595
872.662
872.694
872.753
873.055
873.171
873.34
873.442
873.498
873.622
873.677
873.717
874.186
874.253
874.352
874.635
874.733
874.755
874.855
874.877
874.907
874.994
875.016
875.074
875.144
875.178
875.238
875.373
875.398
875.402
875.514
875.519
875.741
875.861
875.933
875.949
876.15
876.151
876.218
876.773
876.937
877.13
877.415
877.578
877.948
878.039
878.05
878.083
878.321
878.336
878.669
878.782
878.834
878.88
878.934
878.961
878.98
879.185
879.246
879.263
879.291
879.304
879.429
879.485
879.553
879.842
879.87
879.905
880.011
880.049
880.15
880.218
880.323
880.334
880.386
880.443
880.493
880.567
880.792
880.886
880.939
881
881.031
881.148
881.16
881.196
881.248
881.291
881.31
881.346
881.663
882.228
882.281
882.53
882.583
882.607
882.667
883.062
883.1
883.298
883.317
883.382
883.523
883.602
883.634
883.649
883.713
883.733
883.751
883.93
883.941
883.99
884.027
884.029
884.121
884.379
884.448
884.489
884.491
884.541
884.562
884.651
884.794
884.841
885.065
885.101
885.185
885.388
885.4
885.547
885.564
885.794
885.964
886.054
886.159
886.168
886.329
886.454
886.542
886.605
886.666
886.936
887
887.338
887.457
887.48
887.614
887.702
887.746
887.931
888.047
888.074
888.113
888.123
888.177
888.2
888.255
888.307
888.334
888.36
888.496
888.822
888.884
888.956
888.97
888.975
889.364
889.399
889.493
889.583
889.705
889.801
889.87
890.153
890.398
890.5
890.537
890.549
890.61
890.709
890.745
890.826
890.984
891.026
891.036
891.05
891.215
891.297
891.428
891.445
891.455
891.463
891.674
891.731
891.747
891.876
891.93
892.024
892.085
892.108
892.163
892.232
892.243
892.244
892.422
892.424
892.443
892.453
892.517
892.518
892.585
892.599
892.665
892.877
892.897
893.183
893.273
893.576
893.687
893.916
894.45
894.507
894.699
894.718
895.134
895.152
895.185
895.32
895.625
895.734
895.779
895.815
895.861
895.861
895.886
896.081
896.128
896.292
896.423
896.455
896.734
896.793
896.986
896.989
897.104
897.232
897.241
897.449
898.035
898.128
898.213
898.236
898.301
898.366
898.565
898.652
898.667
898.725
898.778
899.016
899.07
899.406
899.431
899.437
899.452
899.535
899.543
899.604
899.896
899.951
900.424
900.562
900.635
900.641
900.883
900.892
900.959
901.021
901.105
901.107
901.124
901.666
901.72
901.771
901.946
902.018
902.23
902.258
902.318
902.323
902.441
902.528
902.535
902.597
902.614
902.629
902.684
902.761
902.778
902.792
902.892
902.892
903.024
903.18
903.317
903.361
903.412
903.7
903.784
903.834
903.846
903.874
903.88
903.928
904.033
904.23
904.303
904.32
904.343
904.382
904.509
904.573
904.738
904.783
904.832
904.971
905.057
905.082
905.164
905.167
905.286
905.312
905.468
905.551
905.724
905.763
905.929
905.983
906.168
906.253
906.343
906.353
906.688
906.81
907.034
907.174
907.349
907.467
907.569
907.659
907.687
907.763
907.943
908.002
908.251
908.379
908.426
908.427
908.673
908.747
908.755
908.93
909.143
909.513
909.718
909.847
909.881
909.887
909.916
909.949
910.007
910.037
910.139
910.151
910.287
910.425
910.477
910.54
910.597
910.626
910.703
910.795
911.054
911.287
911.532
911.544
911.877
911.924
912.117
912.248
912.255
912.262
912.267
912.27
912.294
912.417
912.502
912.568
912.616
912.802
912.89
912.992
913.189
913.259
913.416
913.626
913.695
914.083
914.161
914.168
914.289
914.293
914.565
914.659
914.667
915.153
915.244
915.893
916.322
916.386
916.505
916.54
916.671
917.005
917.145
917.202
917.299
917.333
917.368
917.456
917.656
917.755
918.112
918.291
918.483
918.512
918.583
918.681
918.685
918.685
918.758
918.819
919.11
919.418
919.483
919.484
919.506
919.521
919.722
919.895
919.935
920.02
920.05
920.057
920.059
920.078
920.107
920.11
920.147
920.183
920.201
920.282
920.456
920.509
921.026
921.059
921.06
921.311
921.346
922.006
922.336
922.34
922.46
922.465
923.107
923.123
923.158
923.167
923.288
923.354
923.532
923.548
923.587
923.6
923.855
923.957
924.028
924.065
924.11
924.134
924.291
924.309
924.379
924.422
924.493
924.572
924.635
924.798
924.931
924.984
924.984
924.997
925.091
925.202
925.203
925.246
925.332
925.484
925.613
925.667
925.684
925.708
925.853
925.922
925.936
926.053
926.152
926.195
926.212
926.326
926.365
926.371
926.679
926.737
926.788
926.871
926.873
926.946
926.973
927.395
927.512
927.528
927.562
927.57
927.574
927.58
927.601
927.701
927.851
928.134
928.277
928.305
928.328
928.524
928.557
928.587
928.699
928.767
928.896
928.961
929.106
929.25
929.479
929.513
929.587
929.664
929.75
929.761
929.799
929.949
930.158
930.22
930.296
930.431
930.467
930.772
930.923
930.971
930.996
931.074
931.206
931.241
931.269
931.449
931.561
931.563
931.638
931.839
931.972
932.102
932.159
932.325
932.667
932.843
932.907
933.001
933.367
933.432
933.459
933.52
933.529
933.69
933.727
933.755
933.817
933.844
933.901
933.936
934.007
934.026
934.099
934.18
934.227
934.242
934.305
934.498
934.537
934.776
934.816
934.949
935.066
935.681
935.701
935.943
936.034
936.038
936.063
936.214
936.305
936.455
936.613
936.623
936.667
936.668
936.799
936.833
936.868
936.893
937.04
937.156
937.184
937.198
937.198
937.334
937.56
937.618
937.686
937.765
938.056
938.116
938.12
938.227
938.324
938.489
938.551
938.648
938.687
938.718
938.946
939.021
939.224
939.242
939.316
939.452
939.569
939.674
939.75
939.824
939.833
939.954
939.988
940.038
940.177
940.245
940.257
940.341
940.409
940.586
940.682
940.683
940.773
940.81
940.815
940.819
940.84
940.891
941.036
941.092
941.117
941.119
941.391
941.675
941.698
941.745
941.78
941.937
941.988
942.101
942.231
942.342
942.388
942.407
942.41
942.471
942.596
942.61
942.614
942.631
942.775
942.928
943.019
943.03
943.256
943.273
943.338
943.405
943.449
943.484
943.788
943.795
943.846
944.093
944.094
944.095
944.242
944.261
944.289
944.308
944.621
944.8
944.953
945.148
945.357
945.429
945.44
945.53
945.648
945.942
945.988
946.016
946.091
946.12
946.14
946.231
946.329
946.357
946.547
946.586
946.661
946.676
946.723
946.793
946.899
947.018
947.092
947.14
947.156
947.171
947.182
947.401
947.447
947.467
947.746
947.799
948.039
948.066
948.164
948.183
948.183
948.256
948.265
948.295
948.326
948.389
948.911
949.027
949.053
949.246
949.276
949.377
949.38
949.437
949.568
949.608
949.648
949.678
949.713
949.793
949.97
949.975
950.001
950.284
950.306
950.349
950.421
950.464
950.562
950.607
950.701
950.875
950.917
951.001
951.072
951.205
951.334
951.41
951.443
951.595
951.665
951.703
951.854
951.914
951.937
952.037
952.17
952.179
952.209
952.425
952.48
952.501
952.563
952.565
952.632
952.852
952.881
952.915
953.06
953.168
953.21
953.274
953.339
953.353
953.64
953.66
953.675
953.688
953.933
954.024
954.073
954.104
954.404
954.501
954.549
954.654
954.672
954.681
955.115
955.116
955.247
955.287
955.292
955.298
955.331
955.349
955.436
955.478
955.54
955.727
955.857
955.963
956.028
956.207
956.287
956.413
956.473
956.485
956.574
956.599
956.64
956.685
956.932
956.947
956.992
957.191
957.213
957.292
957.32
957.35
957.467
957.776
957.865
957.971
958.225
958.273
958.303
958.306
958.357
958.466
958.771
958.866
958.937
958.974
959.005
959.032
959.289
959.289
959.597
959.604
959.674
959.862
959.919
959.951
960.567
960.657
960.683
960.712
960.768
960.858
960.94
961.096
961.101
961.396
961.4
961.408
961.6
961.752
961.849
962.184
962.242
962.382
962.712
962.869
962.921
962.954
963.108
963.123
963.183
963.266
963.394
963.429
963.525
964.067
964.161
964.441
964.465
964.591
964.826
964.876
964.888
964.947
964.955
965.01
965.033
965.097
965.138
965.307
965.363
965.381
965.61
965.645
965.68
965.903
965.917
965.95
965.962
966.005
966.152
966.159
966.174
966.391
966.417
966.66
966.929
967.103
967.126
967.249
967.288
967.633
967.651
967.953
968.159
968.259
968.272
968.279
968.318
968.438
968.621
968.664
968.714
968.724
968.77
968.786
968.808
969.168
969.371
969.374
969.629
969.801
969.818
969.894
969.905
970.154
970.317
970.381
970.706
970.723
970.836
970.977
971.189
971.317
971.507
971.54
971.618
971.739
971.766
971.828
971.902
971.906
971.94
971.965
971.989
972.095
972.217
972.334
972.42
972.429
972.499
972.616
972.629
972.7
972.799
972.819
972.985
973.077
973.117
973.133
973.471
973.57
973.741
973.939
973.96
973.97
974.122
974.563
974.828
974.979
974.996
975.146
975.182
975.286
975.356
975.496
975.674
975.683
975.691
975.71
975.73
975.832
975.859
976.017
976.017
976.042
976.082
976.083
976.147
976.276
976.356
976.4
976.422
976.501
976.634
976.707
977.121
977.273
977.286
977.316
977.597
977.718
977.753
977.757
977.841
977.883
977.969
978.03
978.068
978.214
978.386
978.389
978.479
978.518
978.539
978.672
978.788
978.802
978.816
978.917
978.933
978.946
978.947
979.006
979.062
979.216
979.226
979.394
979.417
979.487
979.541
979.59
979.746
979.777
979.858
980.092
980.106
980.24
980.266
980.308
980.332
980.367
980.379
980.394
980.419
980.43
980.43
980.433
980.435
980.757
980.767
980.94
980.993
981.084
981.09
981.156
981.244
981.35
981.434
981.439
981.766
981.87
981.9
981.954
982.356
982.997
983.068
983.168
983.201
983.291
983.332
983.365
983.402
983.694
983.713
983.794
983.958
984.087
984.1
984.344
984.657
984.658
984.765
985.135
985.167
985.172
985.304
985.332
985.404
985.466
985.71
985.813
986.049
986.187
986.219
986.282
986.458
986.686
986.698
986.845
986.849
986.897
987.006
987.045
987.215
987.278
987.298
987.456
987.548
987.665
987.704
988.053
988.12
988.123
988.19
988.307
988.365
988.427
988.7
988.771
988.847
988.859
988.882
988.944
988.979
989.015
989.07
989.175
989.216
989.221
989.227
989.245
989.321
989.388
989.395
989.424
989.608
989.714
989.923
989.932
990.081
990.099
990.211
990.314
990.32
990.421
990.427
990.5
990.553
990.557
990.87
990.908
990.987
990.989
991.24
991.34
991.385
991.475
991.492
991.56
991.588
991.631
991.788
991.844
991.854
991.871
992.142
992.154
992.332
992.333
992.604
992.803
992.95
993.583
993.843
993.866
993.967
994.008
994.041
994.176
994.238
994.261
994.374
994.599
994.678
994.832
995.131
995.431
995.437
995.442
995.579
995.606
995.626
995.689
995.777
995.941
995.95
996.13
996.152
996.183
996.29
996.447
996.806
996.877
996.878
997.142
997.249
997.33
997.346
997.454
997.56
997.672
997.681
997.699
997.72
997.734
997.734
997.739
997.758
997.758
997.795
997.82
997.827
997.886
998.445
998.469
998.508
998.611
998.657
998.716
998.771
998.773
998.792
998.905
998.914
998.971
998.992
998.995
999.324
999.334
999.416
999.425
999.436
999.654
999.666
999.672
999.862
999.96
999.993
